100
20  232  5640  
7  1181  4655  
9  415  2813  
72  335  5001  
15  287  581  
82  489  4597  
91  22  4952  
22  1097  1837  
87  96  3895  
42  115  4299  
94  288  3596  
98  599  4580  
4  748  118  
45  1120  1885  
28  1173  5829  
3  836  3789  
96  153  3896  
100  837  5893  
94  777  7495  
18  479  3860  
48  1008  866  
75  393  5075  
12  22  1599  
52  858  5712  
25  246  6430  
13  378  5827  
21  161  938  
98  508  1409  
16  1084  1162  
62  70  1337  
14  938  6507  
16  581  151  
4  1230  5987  
35  446  3603  
20  770  6107  
74  411  2161  
44  250  1061  
1  227  7407  
86  325  4374  
53  169  4687  
74  1116  4070  
8  1097  1049  
19  649  3909  
27  586  6079  
64  725  3902  
85  1203  2178  
77  197  5732  
88  1154  431  
57  374  7559  
84  492  6927  
44  554  5362  
5  621  2665  
12  274  2696  
60  647  1194  
46  764  1536  
87  861  2395  
71  702  6923  
85  470  2722  
75  117  1263  
59  530  701  
33  1195  488  
50  184  1598  
73  783  3170  
62  413  5719  
54  994  2222  
70  1036  7154  
62  723  6478  
21  216  7024  
77  554  3259  
81  916  5978  
41  691  2462  
91  250  6630  
7  610  3022  
39  923  4959  
57  897  6793  
30  805  483  
66  1172  5808  
8  868  1330  
99  1064  1104  
6  374  2351  
42  874  361  
66  1047  5946  
59  1081  1385  
72  28  4083  
65  684  1253  
63  1164  207  
35  706  4972  
6  235  6100  
16  579  2963  
60  609  6502  
66  440  1500  
33  990  1712  
69  1127  7009  
81  673  6122  
96  1228  5162  
27  673  784  
63  770  217  
28  77  3185  
52  1062  3561  
92  555  2941  
